1	0	35	1	1
2	37	29	1	1
3	31	27	1	1
4	27	40	1	1
5	41	38	1	1
6	39	41	1	1
7	42	34	1	1
8	36	4	1	1
9	None	None	1	1
10	None	None	1	1
11	None	None	1	1
12	None	None	1	1
13	30	1	1	1
14	2	24	1	1
15	24	8	1	1
16	7	9	1	1
17	8	10	1	1
18	9	36	1	1
19	38	37	1	1
20	None	None	1	1
21	None	None	1	1
22	None	None	1	1
23	29	21	1	1
24	21	12	1	1
25	11	31	1	1
26	33	11	1	1
27	10	13	1	1
28	12	19	1	1
29	19	17	1	1
30	16	22	1	1
31	22	26	1	1
32	26	23	1	1
33	23	28	1	1
34	28	14	1	1
35	13	25	1	1
36	25	7	1	1
37	6	None	1	1
38	None	None	1	1
39	None	None	1	1
40	None	None	1	1
41	None	None	1	1
42	17	33	1	1
43	35	3	1	1
44	3	16	1	1
45	15	39	1	1
46	40	30	1	1
47	32	18	1	1
48	18	0	1	1
49	1	20	1	1
50	20	5	1	1
51	4	42	1	1
52	43	6	1	1
53	5	15	1	1
54	14	32	1	1
55	34	43	1	1
56	44	None	1	1
